# kobuki stereo-left camera calibration parameters
# [narrow_stereo/left]
# SERIAL 16369047
# yaml file auto-generated by : kobuki_python_20180323_003.ini
# yaml file auto-generated on : 23-Mar-2018
#### TAB CANNOT BE USED #####

image_width: 1288
image_height: 964

camera_matrix:
  rows: 3
  cols: 3
  data: [1080.5775365251222411, 0.0000000000000000, 614.4622356036579731, 0.0000000000000000, 1079.8197448582041034, 499.4266138664143568, 0.0000000000000000, 0.0000000000000000, 1.0000000000000000]

distortion_coefficients:
  rows: 1
  cols: 5
  data: [-0.3872799432619257, 0.1877086913649311, -0.0008141678123604, 0.0008901320177563, 0.0000000000000000]

rectification_matrix:
  rows: 3
  cols: 3
  data: [0.9999973832895419, 0.0018041317727748, 0.0014065996643252, -0.0018022764901944, 0.9999975058343241, -0.0013191378183930, -0.0014089760544834, 0.0013165992850851, 0.9999981406746716]

projection_matrix:
  rows: 3
  cols: 4
  data: [1023.8090681890328142, 0.0000000000000000, 600.7647705078125000, 0.0000000000000000, 0.0000000000000000, 1023.8090681890328142, 488.6779441833496094, 0.0000000000000000, 0.0000000000000000, 0.0000000000000000, 1.0000000000000000, 0.0000000000000000]

distortion_model: plumb_bob

#Auto-Control States
#Off (0): turns the feature off
#Query (1): returns the current mode and (if possible) the value of the feature, with no change to the device
#Auto (2): the camera sets the value continuously
#Manual (3): sets a specific value from the corresponding parameter
#OnePush (4): the camera sets the value once, then holds it constant
#None (5): the camera does not provide this feature 

auto_white_balance: false
white_balance_blue: 525
white_balance_red: 270
enable_trigger: true
trigger_mode: mode14
# trigger_delay: 
# trigger_parameter: 
# trigger_polarity: 
# trigger_source: 
auto_gain: false
gain: 8.375
# gamma: 
auto_exposure: false
exposure: 0.5
auto_shutter: false
shutter_speed: 0.002 # seconds
# auto_brightness: 3
# auto_gamma: 3
# auto_hue: 3
# auto_saturation: 3
# auto_sharpness: 3
# auto_white_balance: 3
# auto_iris: 3
# auto_focus: 3
# auto_zoom: 3

# bayer_pattern: rggb
# brightness: 170.0
# frame_id: /camera
# frame_rate: 60.0
# gamma: 0
# hue: 0.0
# iris: 8.0
# iso_speed: 400 #Fixed, the cameras dont operate on other ISO
# reset_on_open: false
# use_ros_time: true
# video_mode: 640x480_mono8
# bayer_method: '' #default method, uses ros image_proc
# binning_x: 0
# binning_y: 0
# focus: 0.0
# format7_color_coding: mono16
# format7_packet_size: 0
# roi_height: 0
# roi_width: 0
# saturation: 1.0
# sharpness: 1.0
# x_offset: 0
# y_offset: 0
# zoom: 0.0
