# oST version 5.0 parameters


[image]

width
640

height
360

[ardrone_front]

camera matrix
571.839731 0.000000 320.087671
0.000000 565.076022 178.853574
0.000000 0.000000 1.000000

distortion
-0.538714 0.308887 -0.000272 0.002725 0.000000

rectification
1.000000 0.000000 0.000000
0.000000 1.000000 0.000000
0.000000 0.000000 1.000000

projection
465.874268 0.000000 323.181319 0.000000
0.000000 532.571655 178.647413 0.000000
0.000000 0.000000 1.000000 0.000000