('D = ', [-0.319450239998368, 0.08892782580095888, -0.0020570638829944974, 0.0011528156622170873, 0.0])
('K = ', [735.3989072696169, 0.0, 648.3511605974144, 0.0, 730.684680549986, 477.88323166026134, 0.0, 0.0, 1.0])
('R = ', [1.0, 0.0, 0.0, 0.0, 1.0, 0.0, 0.0, 0.0, 1.0])
('P = ', [539.087158203125, 0.0, 650.5862471391156, 0.0, 0.0, 610.33056640625, 472.01547772603226, 0.0, 0.0, 0.0, 1.0, 0.0])
None
# oST version 5.0 parameters


[image]

width
1288

height
964

[narrow_stereo]

camera matrix
735.398907 0.000000 648.351161
0.000000 730.684681 477.883232
0.000000 0.000000 1.000000

distortion
-0.319450 0.088928 -0.002057 0.001153 0.000000

rectification
1.000000 0.000000 0.000000
0.000000 1.000000 0.000000
0.000000 0.000000 1.000000

projection
539.087158 0.000000 650.586247 0.000000
0.000000 610.330566 472.015478 0.000000
0.000000 0.000000 1.000000 0.000000


('Wrote calibration data to', '/tmp/calibrationdata.tar.gz')
('D = ', [-0.319450239998368, 0.08892782580095888, -0.0020570638829944974, 0.0011528156622170873, 0.0])
('K = ', [735.3989072696169, 0.0, 648.3511605974144, 0.0, 730.684680549986, 477.88323166026134, 0.0, 0.0, 1.0])
('R = ', [1.0, 0.0, 0.0, 0.0, 1.0, 0.0, 0.0, 0.0, 1.0])
('P = ', [539.087158203125, 0.0, 650.5862471391156, 0.0, 0.0, 610.33056640625, 472.01547772603226, 0.0, 0.0, 0.0, 1.0, 0.0])
# oST version 5.0 parameters


[image]

width
1288

height
964

[narrow_stereo]

camera matrix
735.398907 0.000000 648.351161
0.000000 730.684681 477.883232
0.000000 0.000000 1.000000

distortion
-0.319450 0.088928 -0.002057 0.001153 0.000000

rectification
1.000000 0.000000 0.000000
0.000000 1.000000 0.000000
0.000000 0.000000 1.000000

projection
539.087158 0.000000 650.586247 0.000000
0.000000 610.330566 472.015478 0.000000
0.000000 0.000000 1.000000 0.000000



~~~~~~~~~~~~~~~~~~~~~~~~~~~~~~~
PGR_2
('D = ', [-0.3184470524872114, 0.08679220402132101, 0.0003263920013624506, -0.00016354291196585925, 0.0])
('K = ', [780.5632668664751, 0.0, 636.5549118839429, 0.0, 772.4072933359375, 465.85768893862814, 0.0, 0.0, 1.0])
('R = ', [1.0, 0.0, 0.0, 0.0, 1.0, 0.0, 0.0, 0.0, 1.0])
('P = ', [576.4967651367188, 0.0, 631.8705990344388, 0.0, 0.0, 660.024658203125, 460.14369922118203, 0.0, 0.0, 0.0, 1.0, 0.0])
None
# oST version 5.0 parameters


[image]

width
1288

height
964

[narrow_stereo]

camera matrix
780.563267 0.000000 636.554912
0.000000 772.407293 465.857689
0.000000 0.000000 1.000000

distortion
-0.318447 0.086792 0.000326 -0.000164 0.000000

rectification
1.000000 0.000000 0.000000
0.000000 1.000000 0.000000
0.000000 0.000000 1.000000

projection
576.496765 0.000000 631.870599 0.000000
0.000000 660.024658 460.143699 0.000000
0.000000 0.000000 1.000000 0.000000


('Wrote calibration data to', '/tmp/calibrationdata.tar.gz')
('D = ', [-0.3184470524872114, 0.08679220402132101, 0.0003263920013624506, -0.00016354291196585925, 0.0])
('K = ', [780.5632668664751, 0.0, 636.5549118839429, 0.0, 772.4072933359375, 465.85768893862814, 0.0, 0.0, 1.0])
('R = ', [1.0, 0.0, 0.0, 0.0, 1.0, 0.0, 0.0, 0.0, 1.0])
('P = ', [576.4967651367188, 0.0, 631.8705990344388, 0.0, 0.0, 660.024658203125, 460.14369922118203, 0.0, 0.0, 0.0, 1.0, 0.0])
# oST version 5.0 parameters


[image]

width
1288

height
964

[narrow_stereo]

camera matrix
780.563267 0.000000 636.554912
0.000000 772.407293 465.857689
0.000000 0.000000 1.000000

distortion
-0.318447 0.086792 0.000326 -0.000164 0.000000

rectification
1.000000 0.000000 0.000000
0.000000 1.000000 0.000000
0.000000 0.000000 1.000000

projection
576.496765 0.000000 631.870599 0.000000
0.000000 660.024658 460.143699 0.000000
0.000000 0.000000 1.000000 0.000000


~~~~~~~~~~~~~~~~~~~~~~~~~~~~~~~~~~~``
ardrone


('D = ', [-0.5387140432004596, 0.3088869071293269, -0.0002721050292601794, 0.0027247995280017157, 0.0])
('K = ', [571.8397306435993, 0.0, 320.08767144361775, 0.0, 565.0760222236721, 178.85357445431205, 0.0, 0.0, 1.0])
('R = ', [1.0, 0.0, 0.0, 0.0, 1.0, 0.0, 0.0, 0.0, 1.0])
('P = ', [465.874267578125, 0.0, 323.1813185110659, 0.0, 0.0, 532.5716552734375, 178.64741259671428, 0.0, 0.0, 0.0, 1.0, 0.0])
None
# oST version 5.0 parameters


[image]

width
640

height
360

[narrow_stereo]

camera matrix
571.839731 0.000000 320.087671
0.000000 565.076022 178.853574
0.000000 0.000000 1.000000

distortion
-0.538714 0.308887 -0.000272 0.002725 0.000000

rectification
1.000000 0.000000 0.000000
0.000000 1.000000 0.000000
0.000000 0.000000 1.000000

projection
465.874268 0.000000 323.181319 0.000000
0.000000 532.571655 178.647413 0.000000
0.000000 0.000000 1.000000 0.000000


('Wrote calibration data to', '/tmp/calibrationdata.tar.gz')
('D = ', [-0.5387140432004596, 0.3088869071293269, -0.0002721050292601794, 0.0027247995280017157, 0.0])
('K = ', [571.8397306435993, 0.0, 320.08767144361775, 0.0, 565.0760222236721, 178.85357445431205, 0.0, 0.0, 1.0])
('R = ', [1.0, 0.0, 0.0, 0.0, 1.0, 0.0, 0.0, 0.0, 1.0])
('P = ', [465.874267578125, 0.0, 323.1813185110659, 0.0, 0.0, 532.5716552734375, 178.64741259671428, 0.0, 0.0, 0.0, 1.0, 0.0])
# oST version 5.0 parameters


[image]

width
640

height
360

[narrow_stereo]

camera matrix
571.839731 0.000000 320.087671
0.000000 565.076022 178.853574
0.000000 0.000000 1.000000

distortion
-0.538714 0.308887 -0.000272 0.002725 0.000000

rectification
1.000000 0.000000 0.000000
0.000000 1.000000 0.000000
0.000000 0.000000 1.000000

projection
465.874268 0.000000 323.181319 0.000000
0.000000 532.571655 178.647413 0.000000
0.000000 0.000000 1.000000 0.000000
