# oST version 5.0 parameters


[image]

width
1288

height
964

[pgr_1]

camera matrix
735.398907 0.000000 648.351161
0.000000 730.684681 477.883232
0.000000 0.000000 1.000000

distortion
-0.319450 0.088928 -0.002057 0.001153 0.000000

rectification
1.000000 0.000000 0.000000
0.000000 1.000000 0.000000
0.000000 0.000000 1.000000

projection
539.087158 0.000000 650.586247 0.000000
0.000000 610.330566 472.015478 0.000000
0.000000 0.000000 1.000000 0.000000