image_width: 1288
image_height: 964
camera_name: pgr_2
camera_matrix:
  rows: 3
  cols: 3
  data: [780.563267, 0, 636.5549119999999, 0, 772.407293, 465.857689, 0, 0, 1]
distortion_model: plumb_bob
distortion_coefficients:
  rows: 1
  cols: 5
  data: [-0.318447, 0.08679199999999999, 0.000326, -0.000164, 0]
rectification_matrix:
  rows: 3
  cols: 3
  data: [1, 0, 0, 0, 1, 0, 0, 0, 1]
projection_matrix:
  rows: 3
  cols: 4
  data: [576.496765, 0, 631.870599, 0, 0, 660.024658, 460.143699, 0, 0, 0, 1, 0]