image_width: 1288
image_height: 964
camera_name: pgr_1
camera_matrix:
  rows: 3
  cols: 3
  data: [735.398907, 0, 648.351161, 0, 730.684681, 477.883232, 0, 0, 1]
distortion_model: plumb_bob
distortion_coefficients:
  rows: 1
  cols: 5
  data: [-0.31945, 0.08892799999999999, -0.002057, 0.001153, 0]
rectification_matrix:
  rows: 3
  cols: 3
  data: [1, 0, 0, 0, 1, 0, 0, 0, 1]
projection_matrix:
  rows: 3
  cols: 4
  data: [539.087158, 0, 650.586247, 0, 0, 610.330566, 472.015478, 0, 0, 0, 1, 0]