# oST version 5.0 parameters


[image]

width
1288

height
964

[pgr_2]

camera matrix
780.563267 0.000000 636.554912
0.000000 772.407293 465.857689
0.000000 0.000000 1.000000

distortion
-0.318447 0.086792 0.000326 -0.000164 0.000000

rectification
1.000000 0.000000 0.000000
0.000000 1.000000 0.000000
0.000000 0.000000 1.000000

projection
576.496765 0.000000 631.870599 0.000000
0.000000 660.024658 460.143699 0.000000
0.000000 0.000000 1.000000 0.000000